0.063095734448
0.0668343917569
0.0707945784384
0.0749894209332
0.0794328234724
0.0841395141645
0.0891250938134
0.0944060876286
0.1
0.105925372518
0.11220184543
0.118850222744
0.125892541179
0.133352143216
0.141253754462
0.149623565609
0.158489319246
0.167880401812
0.177827941004
0.188364908949
0.199526231497
0.211348903984
0.223872113857
0.237137370566
0.251188643151
0.26607250598
0.281838293126
0.298538261892
0.316227766017
0.334965439158
0.354813389234
0.375837404288
0.398107170553
0.421696503429
0.446683592151
0.473151258961
0.501187233627
0.530884444231
0.56234132519
0.595662143529
0.63095734448
0.668343917569
0.707945784384
0.749894209332
0.794328234724
0.841395141645
0.891250938134
0.944060876286
1.0
1.05925372518
1.1220184543
1.18850222744
1.25892541179
1.33352143216
1.41253754462
1.49623565609
1.58489319246
1.67880401812
1.77827941004
1.88364908949
1.99526231497
2.11348903984
2.23872113857
2.37137370566
2.51188643151
2.6607250598
2.81838293126
2.98538261892
3.16227766017
3.34965439158
3.54813389234
3.75837404288
3.98107170553
4.21696503429
4.46683592151
4.73151258961
5.01187233627
5.30884444231
5.6234132519
5.95662143529
6.3095734448
6.68343917569
7.07945784384
7.49894209332
7.94328234724
8.41395141645
8.91250938134
9.44060876286
10.0
10.5925372518
11.220184543
11.8850222744
12.5892541179
13.3352143216
14.1253754462
14.9623565609
15.8489319246
16.7880401812
17.7827941004
18.8364908949
19.9526231497
21.1348903984
22.3872113857
23.7137370566
25.1188643151
26.607250598
28.1838293126
29.8538261892
31.6227766017
33.4965439158
35.4813389234
37.5837404288
39.8107170553
42.1696503429
44.6683592151
47.3151258961
50.1187233627
53.0884444231
56.234132519
59.5662143529
